0 1 -2 
0.01 0.980198 -1.9604 
0.02 0.960788 -1.92158 
0.03 0.941763 -1.88353 
0.04 0.923114 -1.84623 
0.05 0.904834 -1.80967 
0.06 0.886917 -1.77383 
0.07 0.869354 -1.73871 
0.08 0.852139 -1.70428 
0.09 0.835265 -1.67053 
0.1 0.818725 -1.63745 
0.11 0.802513 -1.60503 
0.12 0.786622 -1.57324 
0.13 0.771045 -1.54209 
0.14 0.755777 -1.51155 
0.15 0.740811 -1.48162 
0.16 0.726141 -1.45228 
0.17 0.711762 -1.42352 
0.18 0.697668 -1.39534 
0.19 0.683853 -1.36771 
0.2 0.670311 -1.34062 
0.21 0.657038 -1.31408 
0.22 0.644027 -1.28805 
0.23 0.631274 -1.26255 
0.24 0.618773 -1.23755 
0.25 0.606521 -1.21304 
0.26 0.59451 -1.18902 
0.27 0.582738 -1.16548 
0.28 0.571198 -1.1424 
0.29 0.559888 -1.11978 
0.3 0.548801 -1.0976 
0.31 0.537933 -1.07587 
0.32 0.527281 -1.05456 
0.33 0.51684 -1.03368 
0.34 0.506606 -1.01321 
0.35 0.496574 -0.993147 
0.36 0.486741 -0.973481 
0.37 0.477102 -0.954204 
0.38 0.467655 -0.935309 
0.39 0.458394 -0.916788 
0.4 0.449317 -0.898634 
0.41 0.44042 -0.880839 
0.42 0.431698 -0.863397 
0.43 0.42315 -0.8463 
0.44 0.414771 -0.829541 
0.45 0.406557 -0.813115 
0.46 0.398507 -0.797014 
0.47 0.390616 -0.781231 
0.48 0.382881 -0.765761 
0.49 0.375299 -0.750598 
0.5 0.367867 -0.735734 
0.51 0.360583 -0.721165 
0.52 0.353442 -0.706885 
0.53 0.346444 -0.692887 
0.54 0.339583 -0.679167 
0.55 0.332859 -0.665718 
0.56 0.326268 -0.652535 
0.57 0.319807 -0.639614 
0.58 0.313474 -0.626948 
0.59 0.307267 -0.614533 
0.6 0.301182 -0.602364 
0.61 0.295218 -0.590436 
0.62 0.289372 -0.578745 
0.63 0.283642 -0.567284 
0.64 0.278025 -0.556051 
0.65 0.27252 -0.54504 
0.66 0.267124 -0.534247 
0.67 0.261834 -0.523668 
0.68 0.256649 -0.513298 
0.69 0.251567 -0.503134 
0.7 0.246585 -0.493171 
0.71 0.241703 -0.483405 
0.72 0.236916 -0.473833 
0.73 0.232225 -0.46445 
0.74 0.227626 -0.455253 
0.75 0.223119 -0.446238 
0.76 0.218701 -0.437402 
0.77 0.21437 -0.42874 
0.78 0.210125 -0.42025 
0.79 0.205964 -0.411928 
0.8 0.201886 -0.403771 
0.81 0.197888 -0.395776 
0.82 0.193969 -0.387939 
0.83 0.190128 -0.380257 
0.84 0.186364 -0.372727 
0.85 0.182673 -0.365346 
0.86 0.179056 -0.358112 
0.87 0.17551 -0.35102 
0.88 0.172035 -0.34407 
0.89 0.168628 -0.337256 
0.9 0.165289 -0.330578 
0.91 0.162016 -0.324032 
0.92 0.158808 -0.317615 
0.93 0.155663 -0.311326 
0.94 0.152581 -0.305161 
0.95 0.149559 -0.299118 
0.96 0.146598 -0.293195 
0.97 0.143695 -0.287389 
0.98 0.140849 -0.281698 
0.99 0.13806 -0.27612 
1 0.135326 -0.270653 
1.01 0.132647 -0.265293 
1.02 0.13002 -0.26004 
1.03 0.127445 -0.25489 
1.04 0.124922 -0.249843 
1.05 0.122448 -0.244896 
1.06 0.120023 -0.240046 
1.07 0.117646 -0.235293 
1.08 0.115317 -0.230634 
1.09 0.113033 -0.226067 
1.1 0.110795 -0.22159 
1.11 0.108601 -0.217202 
1.12 0.106451 -0.212901 
1.13 0.104343 -0.208685 
1.14 0.102276 -0.204553 
1.15 0.100251 -0.200502 
1.16 0.098266 -0.196532 
1.17 0.0963201 -0.19264 
1.18 0.0944128 -0.188826 
1.19 0.0925432 -0.185086 
1.2 0.0907107 -0.181421 
1.21 0.0889144 -0.177829 
1.22 0.0871538 -0.174308 
1.23 0.0854279 -0.170856 
1.24 0.0837363 -0.167473 
1.25 0.0820782 -0.164156 
1.26 0.0804528 -0.160906 
1.27 0.0788597 -0.157719 
1.28 0.0772981 -0.154596 
1.29 0.0757675 -0.151535 
1.3 0.0742671 -0.148534 
1.31 0.0727965 -0.145593 
1.32 0.071355 -0.14271 
1.33 0.069942 -0.139884 
1.34 0.068557 -0.137114 
1.35 0.0671995 -0.134399 
1.36 0.0658688 -0.131738 
1.37 0.0645644 -0.129129 
1.38 0.0632859 -0.126572 
1.39 0.0620328 -0.124066 
1.4 0.0608044 -0.121609 
1.41 0.0596003 -0.119201 
1.42 0.0584201 -0.11684 
1.43 0.0572633 -0.114527 
1.44 0.0561294 -0.112259 
1.45 0.0550179 -0.110036 
1.46 0.0539284 -0.107857 
1.47 0.0528605 -0.105721 
1.48 0.0518138 -0.103628 
1.49 0.0507878 -0.101576 
1.5 0.0497821 -0.0995642 
1.51 0.0487963 -0.0975926 
1.52 0.04783 -0.0956601 
1.53 0.0468829 -0.0937658 
1.54 0.0459545 -0.0919091 
1.55 0.0450445 -0.0900891 
1.56 0.0441526 -0.0883052 
1.57 0.0432783 -0.0865565 
1.58 0.0424213 -0.0848425 
1.59 0.0415812 -0.0831625 
1.6 0.0407579 -0.0815157 
1.61 0.0399508 -0.0799015 
1.62 0.0391597 -0.0783193 
1.63 0.0383842 -0.0767685 
1.64 0.0376241 -0.0752483 
1.65 0.0368791 -0.0737582 
1.66 0.0361488 -0.0722977 
1.67 0.035433 -0.070866 
1.68 0.0347314 -0.0694627 
1.69 0.0340436 -0.0680872 
1.7 0.0333695 -0.066739 
1.71 0.0327087 -0.0654174 
1.72 0.032061 -0.064122 
1.73 0.0314261 -0.0628523 
1.74 0.0308038 -0.0616077 
1.75 0.0301939 -0.0603877 
1.76 0.029596 -0.0591919 
1.77 0.0290099 -0.0580198 
1.78 0.0284354 -0.0568709 
1.79 0.0278724 -0.0557447 
1.8 0.0273204 -0.0546409 
1.81 0.0267794 -0.0535589 
1.82 0.0262492 -0.0524983 
1.83 0.0257294 -0.0514587 
1.84 0.0252199 -0.0504398 
1.85 0.0247205 -0.049441 
1.86 0.024231 -0.0484619 
1.87 0.0237511 -0.0475023 
1.88 0.0232808 -0.0465616 
1.89 0.0228198 -0.0456396 
1.9 0.0223679 -0.0447359 
1.91 0.021925 -0.04385 
1.92 0.0214909 -0.0429817 
1.93 0.0210653 -0.0421306 
1.94 0.0206482 -0.0412963 
1.95 0.0202393 -0.0404786 
1.96 0.0198385 -0.039677 
1.97 0.0194457 -0.0388913 
1.98 0.0190606 -0.0381212 
1.99 0.0186832 -0.0373663 
2 0.0183132 -0.0366264 
2.01 0.0179506 -0.0359011 
2.02 0.0175951 -0.0351902 
2.03 0.0172467 -0.0344934 
2.04 0.0169052 -0.0338103 
2.05 0.0165704 -0.0331408 
2.06 0.0162423 -0.0324846 
2.07 0.0159207 -0.0318413 
2.08 0.0156054 -0.0312108 
2.09 0.0152964 -0.0305928 
2.1 0.0149935 -0.029987 
2.11 0.0146966 -0.0293932 
2.12 0.0144056 -0.0288111 
2.13 0.0141203 -0.0282406 
2.14 0.0138407 -0.0276814 
2.15 0.0135666 -0.0271332 
2.16 0.013298 -0.0265959 
2.17 0.0130346 -0.0260693 
2.18 0.0127765 -0.0255531 
2.19 0.0125235 -0.0250471 
2.2 0.0122755 -0.0245511 
2.21 0.0120325 -0.0240649 
2.22 0.0117942 -0.0235884 
2.23 0.0115606 -0.0231213 
2.24 0.0113317 -0.0226634 
2.25 0.0111073 -0.0222147 
2.26 0.0108874 -0.0217748 
2.27 0.0106718 -0.0213436 
2.28 0.0104605 -0.0209209 
2.29 0.0102533 -0.0205067 
2.3 0.0100503 -0.0201006 
2.31 0.00985128 -0.0197026 
2.32 0.0096562 -0.0193124 
2.33 0.00946499 -0.01893 
2.34 0.00927757 -0.0185551 
2.35 0.00909385 -0.0181877 
2.36 0.00891378 -0.0178276 
2.37 0.00873727 -0.0174745 
2.38 0.00856425 -0.0171285 
2.39 0.00839466 -0.0167893 
2.4 0.00822843 -0.0164569 
2.41 0.00806549 -0.016131 
2.42 0.00790578 -0.0158116 
2.43 0.00774923 -0.0154985 
2.44 0.00759578 -0.0151916 
2.45 0.00744537 -0.0148907 
2.46 0.00729793 -0.0145959 
2.47 0.00715342 -0.0143068 
2.48 0.00701177 -0.0140235 
2.49 0.00687292 -0.0137458 
2.5 0.00673682 -0.0134736 
2.51 0.00660342 -0.0132068 
2.52 0.00647266 -0.0129453 
2.53 0.00634449 -0.012689 
2.54 0.00621886 -0.0124377 
2.55 0.00609571 -0.0121914 
2.56 0.005975 -0.01195 
2.57 0.00585669 -0.0117134 
2.58 0.00574071 -0.0114814 
2.59 0.00562703 -0.0112541 
2.6 0.00551561 -0.0110312 
2.61 0.00540639 -0.0108128 
2.62 0.00529933 -0.0105987 
2.63 0.00519439 -0.0103888 
2.64 0.00509153 -0.0101831 
2.65 0.00499071 -0.00998142 
2.66 0.00489189 -0.00978377 
2.67 0.00479502 -0.00959003 
2.68 0.00470007 -0.00940013 
2.69 0.004607 -0.00921399 
2.7 0.00451577 -0.00903154 
2.71 0.00442635 -0.00885269 
2.72 0.0043387 -0.00867739 
2.73 0.00425278 -0.00850556 
2.74 0.00416857 -0.00833714 
2.75 0.00408602 -0.00817204 
2.76 0.00400511 -0.00801022 
2.77 0.0039258 -0.0078516 
2.78 0.00384806 -0.00769613 
2.79 0.00377186 -0.00754373 
2.8 0.00369717 -0.00739435 
2.81 0.00362396 -0.00724792 
2.82 0.0035522 -0.0071044 
2.83 0.00348186 -0.00696372 
2.84 0.00341291 -0.00682582 
2.85 0.00334533 -0.00669066 
2.86 0.00327909 -0.00655817 
2.87 0.00321415 -0.00642831 
2.88 0.00315051 -0.00630101 
2.89 0.00308812 -0.00617624 
2.9 0.00302697 -0.00605394 
2.91 0.00296703 -0.00593406 
2.92 0.00290828 -0.00581655 
2.93 0.00285069 -0.00570137 
2.94 0.00279424 -0.00558848 
2.95 0.00273891 -0.00547781 
2.96 0.00268467 -0.00536934 
2.97 0.00263151 -0.00526302 
2.98 0.0025794 -0.0051588 
2.99 0.00252832 -0.00505664 
3 0.00247826 -0.00495651 
3.01 0.00242918 -0.00485836 
3.02 0.00238108 -0.00476216 
3.03 0.00233393 -0.00466786 
3.04 0.00228771 -0.00457543 
3.05 0.00224241 -0.00448482 
3.06 0.00219801 -0.00439601 
3.07 0.00215448 -0.00430897 
3.08 0.00211182 -0.00422364 
3.09 0.00207 -0.00414 
3.1 0.00202901 -0.00405802 
3.11 0.00198883 -0.00397767 
3.12 0.00194945 -0.0038989 
3.13 0.00191085 -0.00382169 
3.14 0.00187301 -0.00374602 
3.15 0.00183592 -0.00367184 
3.16 0.00179956 -0.00359913 
3.17 0.00176393 -0.00352786 
3.18 0.001729 -0.003458 
3.19 0.00169476 -0.00338952 
3.2 0.0016612 -0.00332241 
3.21 0.00162831 -0.00325662 
3.22 0.00159606 -0.00319213 
3.23 0.00156446 -0.00312892 
3.24 0.00153348 -0.00306696 
3.25 0.00150311 -0.00300623 
3.26 0.00147335 -0.0029467 
3.27 0.00144417 -0.00288835 
3.28 0.00141558 -0.00283115 
3.29 0.00138754 -0.00277509 
3.3 0.00136007 -0.00272014 
3.31 0.00133314 -0.00266627 
3.32 0.00130674 -0.00261348 
3.33 0.00128086 -0.00256172 
3.34 0.0012555 -0.002511 
3.35 0.00123064 -0.00246127 
3.36 0.00120627 -0.00241254 
3.37 0.00118238 -0.00236476 
3.38 0.00115897 -0.00231794 
3.39 0.00113602 -0.00227204 
3.4 0.00111352 -0.00222705 
3.41 0.00109147 -0.00218295 
3.42 0.00106986 -0.00213972 
3.43 0.00104867 -0.00209735 
3.44 0.00102791 -0.00205582 
3.45 0.00100755 -0.00201511 
3.46 0.000987602 -0.0019752 
3.47 0.000968046 -0.00193609 
3.48 0.000948876 -0.00189775 
3.49 0.000930087 -0.00186017 
3.5 0.000911669 -0.00182334 
3.51 0.000893616 -0.00178723 
3.52 0.000875921 -0.00175184 
3.53 0.000858576 -0.00171715 
3.54 0.000841575 -0.00168315 
3.55 0.00082491 -0.00164982 
3.56 0.000808575 -0.00161715 
3.57 0.000792563 -0.00158513 
3.58 0.000776869 -0.00155374 
3.59 0.000761486 -0.00152297 
3.6 0.000746407 -0.00149281 
3.61 0.000731626 -0.00146325 
3.62 0.000717139 -0.00143428 
3.63 0.000702938 -0.00140588 
3.64 0.000689018 -0.00137804 
3.65 0.000675374 -0.00135075 
3.66 0.000662001 -0.001324 
3.67 0.000648892 -0.00129778 
3.68 0.000636042 -0.00127208 
3.69 0.000623447 -0.00124689 
3.7 0.000611102 -0.0012222 
3.71 0.000599001 -0.001198 
3.72 0.00058714 -0.00117428 
3.73 0.000575513 -0.00115103 
3.74 0.000564117 -0.00112823 
3.75 0.000552946 -0.00110589 
3.76 0.000541997 -0.00108399 
3.77 0.000531264 -0.00106253 
3.78 0.000520744 -0.00104149 
3.79 0.000510432 -0.00102086 
3.8 0.000500325 -0.00100065 
3.81 0.000490417 -0.000980834 
3.82 0.000480706 -0.000961412 
3.83 0.000471187 -0.000942374 
3.84 0.000461857 -0.000923713 
3.85 0.000452711 -0.000905422 
3.86 0.000443746 -0.000887493 
3.87 0.000434959 -0.000869919 
3.88 0.000426346 -0.000852693 
3.89 0.000417904 -0.000835808 
3.9 0.000409628 -0.000819257 
3.91 0.000401517 -0.000803034 
3.92 0.000393566 -0.000787132 
3.93 0.000385773 -0.000771546 
3.94 0.000378134 -0.000756267 
3.95 0.000370646 -0.000741292 
3.96 0.000363306 -0.000726613 
3.97 0.000356112 -0.000712224 
3.98 0.00034906 -0.000698121 
3.99 0.000342148 -0.000684297 
4 0.000335373 -0.000670746 
4.01 0.000328732 -0.000657464 
4.02 0.000322223 -0.000644445 
4.03 0.000315842 -0.000631684 
4.04 0.000309588 -0.000619175 
4.05 0.000303457 -0.000606914 
4.06 0.000297448 -0.000594896 
4.07 0.000291558 -0.000583116 
4.08 0.000285785 -0.000571569 
4.09 0.000280126 -0.000560251 
4.1 0.000274579 -0.000549157 
4.11 0.000269141 -0.000538283 
4.12 0.000263812 -0.000527624 
4.13 0.000258588 -0.000517176 
4.14 0.000253467 -0.000506934 
4.15 0.000248448 -0.000496896 
4.16 0.000243528 -0.000487057 
4.17 0.000238706 -0.000477412 
4.18 0.000233979 -0.000467958 
4.19 0.000229346 -0.000458692 
4.2 0.000224804 -0.000449609 
4.21 0.000220353 -0.000440706 
4.22 0.000215989 -0.000431979 
4.23 0.000211712 -0.000423425 
4.24 0.00020752 -0.00041504 
4.25 0.000203411 -0.000406821 
4.26 0.000199383 -0.000398766 
4.27 0.000195435 -0.000390869 
4.28 0.000191565 -0.000383129 
4.29 0.000187771 -0.000375543 
4.3 0.000184053 -0.000368106 
4.31 0.000180408 -0.000360817 
4.32 0.000176836 -0.000353672 
4.33 0.000173334 -0.000346669 
4.34 0.000169902 -0.000339804 
4.35 0.000166538 -0.000333075 
4.36 0.00016324 -0.000326479 
4.37 0.000160007 -0.000320015 
4.38 0.000156839 -0.000313678 
4.39 0.000153733 -0.000307466 
4.4 0.000150689 -0.000301378 
4.41 0.000147705 -0.00029541 
4.42 0.00014478 -0.00028956 
4.43 0.000141913 -0.000283826 
4.44 0.000139103 -0.000278206 
4.45 0.000136348 -0.000272697 
4.46 0.000133648 -0.000267297 
4.47 0.000131002 -0.000262004 
4.48 0.000128408 -0.000256816 
4.49 0.000125865 -0.00025173 
4.5 0.000123373 -0.000246746 
4.51 0.00012093 -0.00024186 
4.52 0.000118535 -0.00023707 
4.53 0.000116188 -0.000232376 
4.54 0.000113887 -0.000227774 
4.55 0.000111632 -0.000223264 
4.56 0.000109421 -0.000218843 
4.57 0.000107255 -0.000214509 
4.58 0.000105131 -0.000210262 
4.59 0.000103049 -0.000206098 
4.6 0.000101008 -0.000202017 
4.61 9.90083e-05 -0.000198017 
4.62 9.70477e-05 -0.000194095 
4.63 9.5126e-05 -0.000190252 
4.64 9.32423e-05 -0.000186485 
4.65 9.13959e-05 -0.000182792 
4.66 8.95861e-05 -0.000179172 
4.67 8.78121e-05 -0.000175624 
4.68 8.60732e-05 -0.000172146 
4.69 8.43688e-05 -0.000168738 
4.7 8.26981e-05 -0.000165396 
4.71 8.10606e-05 -0.000162121 
4.72 7.94554e-05 -0.000158911 
4.73 7.7882e-05 -0.000155764 
4.74 7.63398e-05 -0.00015268 
4.75 7.48281e-05 -0.000149656 
4.76 7.33464e-05 -0.000146693 
4.77 7.1894e-05 -0.000143788 
4.78 7.04703e-05 -0.000140941 
4.79 6.90749e-05 -0.00013815 
4.8 6.77071e-05 -0.000135414 
4.81 6.63663e-05 -0.000132733 
4.82 6.50521e-05 -0.000130104 
4.83 6.3764e-05 -0.000127528 
4.84 6.25013e-05 -0.000125003 
4.85 6.12637e-05 -0.000122527 
4.86 6.00505e-05 -0.000120101 
4.87 5.88614e-05 -0.000117723 
4.88 5.76958e-05 -0.000115392 
4.89 5.65534e-05 -0.000113107 
4.9 5.54335e-05 -0.000110867 
4.91 5.43358e-05 -0.000108672 
4.92 5.32598e-05 -0.00010652 
4.93 5.22052e-05 -0.00010441 
4.94 5.11714e-05 -0.000102343 
4.95 5.01581e-05 -0.000100316 
4.96 4.91649e-05 -9.83298e-05 
4.97 4.81913e-05 -9.63827e-05 
4.98 4.7237e-05 -9.44741e-05 
4.99 4.63017e-05 -9.26033e-05 
5 4.53848e-05 -9.07696e-05 
5.01 4.44861e-05 -8.89722e-05 
5.02 4.36052e-05 -8.72104e-05 
5.03 4.27417e-05 -8.54834e-05 
5.04 4.18953e-05 -8.37907e-05 
5.05 4.10657e-05 -8.21315e-05 
5.06 4.02525e-05 -8.05051e-05 
5.07 3.94555e-05 -7.89109e-05 
5.08 3.86742e-05 -7.73483e-05 
5.09 3.79083e-05 -7.58167e-05 
5.1 3.71577e-05 -7.43154e-05 
5.11 3.64219e-05 -7.28438e-05 
5.12 3.57007e-05 -7.14013e-05 
5.13 3.49937e-05 -6.99874e-05 
5.14 3.43008e-05 -6.86015e-05 
5.15 3.36215e-05 -6.72431e-05 
5.16 3.29558e-05 -6.59116e-05 
5.17 3.23032e-05 -6.46064e-05 
5.18 3.16635e-05 -6.3327e-05 
5.19 3.10365e-05 -6.2073e-05 
5.2 3.04219e-05 -6.08439e-05 
5.21 2.98195e-05 -5.9639e-05 
5.22 2.9229e-05 -5.84581e-05 
5.23 2.86502e-05 -5.73005e-05 
5.24 2.80829e-05 -5.61658e-05 
5.25 2.75268e-05 -5.50536e-05 
5.26 2.69817e-05 -5.39635e-05 
5.27 2.64474e-05 -5.28949e-05 
5.28 2.59237e-05 -5.18474e-05 
5.29 2.54104e-05 -5.08208e-05 
5.3 2.49072e-05 -4.98144e-05 
5.31 2.4414e-05 -4.8828e-05 
5.32 2.39305e-05 -4.78611e-05 
5.33 2.34567e-05 -4.69134e-05 
5.34 2.29922e-05 -4.59844e-05 
5.35 2.25369e-05 -4.50738e-05 
5.36 2.20906e-05 -4.41812e-05 
5.37 2.16532e-05 -4.33064e-05 
5.38 2.12244e-05 -4.24488e-05 
5.39 2.08041e-05 -4.16082e-05 
5.4 2.03922e-05 -4.07843e-05 
5.41 1.99884e-05 -3.99767e-05 
5.42 1.95925e-05 -3.91851e-05 
5.43 1.92046e-05 -3.84092e-05 
5.44 1.88243e-05 -3.76486e-05 
5.45 1.84515e-05 -3.69031e-05 
5.46 1.80862e-05 -3.61723e-05 
5.47 1.7728e-05 -3.5456e-05 
5.48 1.7377e-05 -3.47539e-05 
5.49 1.70329e-05 -3.40657e-05 
5.5 1.66956e-05 -3.33912e-05 
5.51 1.6365e-05 -3.27299e-05 
5.52 1.60409e-05 -3.20818e-05 
5.53 1.57233e-05 -3.14465e-05 
5.54 1.54119e-05 -3.08238e-05 
5.55 1.51067e-05 -3.02135e-05 
5.56 1.48076e-05 -2.96152e-05 
5.57 1.45144e-05 -2.90287e-05 
5.58 1.4227e-05 -2.84539e-05 
5.59 1.39452e-05 -2.78905e-05 
5.6 1.36691e-05 -2.73382e-05 
5.61 1.33984e-05 -2.67968e-05 
5.62 1.31331e-05 -2.62662e-05 
5.63 1.2873e-05 -2.57461e-05 
5.64 1.26181e-05 -2.52363e-05 
5.65 1.23683e-05 -2.47365e-05 
5.66 1.21233e-05 -2.42467e-05 
5.67 1.18833e-05 -2.37666e-05 
5.68 1.1648e-05 -2.32959e-05 
5.69 1.14173e-05 -2.28346e-05 
5.7 1.11912e-05 -2.23825e-05 
5.71 1.09696e-05 -2.19392e-05 
5.72 1.07524e-05 -2.15048e-05 
5.73 1.05395e-05 -2.1079e-05 
5.74 1.03308e-05 -2.06616e-05 
5.75 1.01262e-05 -2.02524e-05 
5.76 9.92569e-06 -1.98514e-05 
5.77 9.72914e-06 -1.94583e-05 
5.78 9.53649e-06 -1.9073e-05 
5.79 9.34765e-06 -1.86953e-05 
5.8 9.16254e-06 -1.83251e-05 
5.81 8.98111e-06 -1.79622e-05 
5.82 8.80326e-06 -1.76065e-05 
5.83 8.62894e-06 -1.72579e-05 
5.84 8.45807e-06 -1.69161e-05 
5.85 8.29059e-06 -1.65812e-05 
5.86 8.12642e-06 -1.62528e-05 
5.87 7.9655e-06 -1.5931e-05 
5.88 7.80776e-06 -1.56155e-05 
5.89 7.65315e-06 -1.53063e-05 
5.9 7.50161e-06 -1.50032e-05 
5.91 7.35306e-06 -1.47061e-05 
5.92 7.20745e-06 -1.44149e-05 
5.93 7.06473e-06 -1.41295e-05 
5.94 6.92484e-06 -1.38497e-05 
5.95 6.78771e-06 -1.35754e-05 
5.96 6.6533e-06 -1.33066e-05 
5.97 6.52155e-06 -1.30431e-05 
5.98 6.39241e-06 -1.27848e-05 
5.99 6.26583e-06 -1.25317e-05 
6 6.14176e-06 -1.22835e-05 
6.01 6.02014e-06 -1.20403e-05 
6.02 5.90093e-06 -1.18019e-05 
6.03 5.78408e-06 -1.15682e-05 
6.04 5.66954e-06 -1.13391e-05 
6.05 5.55727e-06 -1.11145e-05 
6.06 5.44723e-06 -1.08945e-05 
6.07 5.33936e-06 -1.06787e-05 
6.08 5.23363e-06 -1.04673e-05 
6.09 5.12999e-06 -1.026e-05 
6.1 5.02841e-06 -1.00568e-05 
6.11 4.92884e-06 -9.85768e-06 
6.12 4.83124e-06 -9.66247e-06 
6.13 4.73557e-06 -9.47114e-06 
6.14 4.6418e-06 -9.28359e-06 
6.15 4.54988e-06 -9.09976e-06 
6.16 4.45978e-06 -8.91956e-06 
6.17 4.37147e-06 -8.74294e-06 
6.18 4.28491e-06 -8.56981e-06 
6.19 4.20006e-06 -8.40011e-06 
6.2 4.11689e-06 -8.23377e-06 
6.21 4.03536e-06 -8.07073e-06 
6.22 3.95546e-06 -7.91091e-06 
6.23 3.87713e-06 -7.75426e-06 
6.24 3.80036e-06 -7.60071e-06 
6.25 3.7251e-06 -7.4502e-06 
6.26 3.65134e-06 -7.30267e-06 
6.27 3.57903e-06 -7.15807e-06 
6.28 3.50816e-06 -7.01632e-06 
6.29 3.43869e-06 -6.87738e-06 
6.3 3.3706e-06 -6.7412e-06 
6.31 3.30385e-06 -6.60771e-06 
6.32 3.23843e-06 -6.47686e-06 
6.33 3.1743e-06 -6.34861e-06 
6.34 3.11145e-06 -6.22289e-06 
6.35 3.04983e-06 -6.09967e-06 
6.36 2.98944e-06 -5.97888e-06 
6.37 2.93024e-06 -5.86049e-06 
6.38 2.87222e-06 -5.74444e-06 
6.39 2.81534e-06 -5.63069e-06 
6.4 2.75959e-06 -5.51919e-06 
6.41 2.70495e-06 -5.4099e-06 
6.42 2.65139e-06 -5.30277e-06 
6.43 2.59888e-06 -5.19777e-06 
6.44 2.54742e-06 -5.09484e-06 
6.45 2.49698e-06 -4.99395e-06 
6.46 2.44753e-06 -4.89506e-06 
6.47 2.39907e-06 -4.79813e-06 
6.48 2.35156e-06 -4.70312e-06 
6.49 2.30499e-06 -4.60999e-06 
6.5 2.25935e-06 -4.5187e-06 
6.51 2.21461e-06 -4.42922e-06 
6.52 2.17076e-06 -4.34151e-06 
6.53 2.12777e-06 -4.25554e-06 
6.54 2.08564e-06 -4.17127e-06 
6.55 2.04434e-06 -4.08868e-06 
6.56 2.00386e-06 -4.00771e-06 
6.57 1.96418e-06 -3.92835e-06 
6.58 1.92528e-06 -3.85056e-06 
6.59 1.88716e-06 -3.77431e-06 
6.6 1.84979e-06 -3.69957e-06 
6.61 1.81316e-06 -3.62632e-06 
6.62 1.77725e-06 -3.55451e-06 
6.63 1.74206e-06 -3.48412e-06 
6.64 1.70756e-06 -3.41513e-06 
6.65 1.67375e-06 -3.3475e-06 
6.66 1.64061e-06 -3.28121e-06 
6.67 1.60812e-06 -3.21624e-06 
6.68 1.57628e-06 -3.15255e-06 
6.69 1.54506e-06 -3.09013e-06 
6.7 1.51447e-06 -3.02893e-06 
6.71 1.48448e-06 -2.96896e-06 
6.72 1.45508e-06 -2.91016e-06 
6.73 1.42627e-06 -2.85254e-06 
6.74 1.39803e-06 -2.79605e-06 
6.75 1.37034e-06 -2.74068e-06 
6.76 1.34321e-06 -2.68641e-06 
6.77 1.31661e-06 -2.63322e-06 
6.78 1.29054e-06 -2.58107e-06 
6.79 1.26498e-06 -2.52996e-06 
6.8 1.23993e-06 -2.47987e-06 
6.81 1.21538e-06 -2.43076e-06 
6.82 1.19131e-06 -2.38263e-06 
6.83 1.16772e-06 -2.33544e-06 
6.84 1.1446e-06 -2.2892e-06 
6.85 1.12193e-06 -2.24387e-06 
6.86 1.09972e-06 -2.19943e-06 
6.87 1.07794e-06 -2.15588e-06 
6.88 1.0566e-06 -2.11319e-06 
6.89 1.03567e-06 -2.07135e-06 
6.9 1.01516e-06 -2.03033e-06 
6.91 9.95062e-07 -1.99012e-06 
6.92 9.75358e-07 -1.95072e-06 
6.93 9.56044e-07 -1.91209e-06 
6.94 9.37112e-07 -1.87422e-06 
6.95 9.18556e-07 -1.83711e-06 
6.96 9.00366e-07 -1.80073e-06 
6.97 8.82537e-07 -1.76507e-06 
6.98 8.65061e-07 -1.73012e-06 
6.99 8.47931e-07 -1.69586e-06 
7 8.31141e-07 -1.66228e-06 
7.01 8.14683e-07 -1.62937e-06 
7.02 7.9855e-07 -1.5971e-06 
7.03 7.82737e-07 -1.56547e-06 
7.04 7.67238e-07 -1.53448e-06 
7.05 7.52045e-07 -1.50409e-06 
7.06 7.37153e-07 -1.47431e-06 
7.07 7.22556e-07 -1.44511e-06 
7.08 7.08248e-07 -1.4165e-06 
7.09 6.94223e-07 -1.38845e-06 
7.1 6.80476e-07 -1.36095e-06 
7.11 6.67001e-07 -1.334e-06 
7.12 6.53793e-07 -1.30759e-06 
7.13 6.40847e-07 -1.28169e-06 
7.14 6.28157e-07 -1.25631e-06 
7.15 6.15718e-07 -1.23144e-06 
7.16 6.03526e-07 -1.20705e-06 
7.17 5.91575e-07 -1.18315e-06 
7.18 5.7986e-07 -1.15972e-06 
7.19 5.68378e-07 -1.13676e-06 
7.2 5.57123e-07 -1.11425e-06 
7.21 5.46091e-07 -1.09218e-06 
7.22 5.35277e-07 -1.07055e-06 
7.23 5.24678e-07 -1.04936e-06 
7.24 5.14288e-07 -1.02858e-06 
7.25 5.04104e-07 -1.00821e-06 
7.26 4.94122e-07 -9.88243e-07 
7.27 4.84337e-07 -9.68674e-07 
7.28 4.74746e-07 -9.49493e-07 
7.29 4.65345e-07 -9.30691e-07 
7.3 4.56131e-07 -9.12261e-07 
7.31 4.47098e-07 -8.94197e-07 
7.32 4.38245e-07 -8.7649e-07 
7.33 4.29567e-07 -8.59133e-07 
7.34 4.2106e-07 -8.42121e-07 
7.35 4.12723e-07 -8.25445e-07 
7.36 4.0455e-07 -8.091e-07 
7.37 3.96539e-07 -7.93078e-07 
7.38 3.88687e-07 -7.77374e-07 
7.39 3.8099e-07 -7.6198e-07 
7.4 3.73446e-07 -7.46891e-07 
7.41 3.66051e-07 -7.32101e-07 
7.42 3.58802e-07 -7.17604e-07 
7.43 3.51697e-07 -7.03394e-07 
7.44 3.44733e-07 -6.89466e-07 
7.45 3.37906e-07 -6.75813e-07 
7.46 3.31215e-07 -6.62431e-07 
7.47 3.24657e-07 -6.49313e-07 
7.48 3.18228e-07 -6.36455e-07 
7.49 3.11926e-07 -6.23852e-07 
7.5 3.05749e-07 -6.11499e-07 
7.51 2.99695e-07 -5.9939e-07 
7.52 2.9376e-07 -5.87521e-07 
7.53 2.87943e-07 -5.75887e-07 
7.54 2.82242e-07 -5.64483e-07 
7.55 2.76653e-07 -5.53305e-07 
7.56 2.71174e-07 -5.42349e-07 
7.57 2.65805e-07 -5.31609e-07 
7.58 2.60541e-07 -5.21082e-07 
7.59 2.55382e-07 -5.10764e-07 
7.6 2.50325e-07 -5.0065e-07 
7.61 2.45368e-07 -4.90736e-07 
7.62 2.40509e-07 -4.81018e-07 
7.63 2.35747e-07 -4.71493e-07 
7.64 2.31078e-07 -4.62157e-07 
7.65 2.26502e-07 -4.53005e-07 
7.66 2.22017e-07 -4.44035e-07 
7.67 2.17621e-07 -4.35242e-07 
7.68 2.13312e-07 -4.26623e-07 
7.69 2.09088e-07 -4.18175e-07 
7.7 2.04947e-07 -4.09894e-07 
7.71 2.00889e-07 -4.01778e-07 
7.72 1.96911e-07 -3.93822e-07 
7.73 1.93012e-07 -3.86023e-07 
7.74 1.8919e-07 -3.78379e-07 
7.75 1.85443e-07 -3.70887e-07 
7.76 1.81771e-07 -3.63542e-07 
7.77 1.78172e-07 -3.56343e-07 
7.78 1.74644e-07 -3.49287e-07 
7.79 1.71185e-07 -3.42371e-07 
7.8 1.67795e-07 -3.35591e-07 
7.81 1.64473e-07 -3.28946e-07 
7.82 1.61216e-07 -3.22432e-07 
7.83 1.58024e-07 -3.16047e-07 
7.84 1.54894e-07 -3.09789e-07 
7.85 1.51827e-07 -3.03654e-07 
7.86 1.48821e-07 -2.97641e-07 
7.87 1.45874e-07 -2.91747e-07 
7.88 1.42985e-07 -2.8597e-07 
7.89 1.40154e-07 -2.80307e-07 
7.9 1.37378e-07 -2.74757e-07 
7.91 1.34658e-07 -2.69316e-07 
7.92 1.31992e-07 -2.63983e-07 
7.93 1.29378e-07 -2.58756e-07 
7.94 1.26816e-07 -2.53632e-07 
7.95 1.24305e-07 -2.48609e-07 
7.96 1.21843e-07 -2.43686e-07 
7.97 1.1943e-07 -2.38861e-07 
7.98 1.17066e-07 -2.34131e-07 
7.99 1.14747e-07 -2.29495e-07 
8 1.12475e-07 -2.2495e-07 
8.01 1.10248e-07 -2.20496e-07 
8.02 1.08065e-07 -2.1613e-07 
8.03 1.05925e-07 -2.1185e-07 
8.04 1.03827e-07 -2.07655e-07 
8.05 1.01771e-07 -2.03543e-07 
8.06 9.97561e-08 -1.99512e-07 
8.07 9.77808e-08 -1.95562e-07 
8.08 9.58445e-08 -1.91689e-07 
8.09 9.39466e-08 -1.87893e-07 
8.1 9.20863e-08 -1.84173e-07 
8.11 9.02628e-08 -1.80526e-07 
8.12 8.84754e-08 -1.76951e-07 
8.13 8.67234e-08 -1.73447e-07 
8.14 8.50061e-08 -1.70012e-07 
8.15 8.33228e-08 -1.66646e-07 
8.16 8.16729e-08 -1.63346e-07 
8.17 8.00556e-08 -1.60111e-07 
8.18 7.84703e-08 -1.56941e-07 
8.19 7.69165e-08 -1.53833e-07 
8.2 7.53934e-08 -1.50787e-07 
8.21 7.39004e-08 -1.47801e-07 
8.22 7.2437e-08 -1.44874e-07 
8.23 7.10026e-08 -1.42005e-07 
8.24 6.95967e-08 -1.39193e-07 
8.25 6.82185e-08 -1.36437e-07 
8.26 6.68676e-08 -1.33735e-07 
8.27 6.55435e-08 -1.31087e-07 
8.28 6.42456e-08 -1.28491e-07 
8.29 6.29734e-08 -1.25947e-07 
8.3 6.17264e-08 -1.23453e-07 
8.31 6.05041e-08 -1.21008e-07 
8.32 5.9306e-08 -1.18612e-07 
8.33 5.81317e-08 -1.16263e-07 
8.34 5.69805e-08 -1.13961e-07 
8.35 5.58522e-08 -1.11704e-07 
8.36 5.47462e-08 -1.09492e-07 
8.37 5.36621e-08 -1.07324e-07 
8.38 5.25995e-08 -1.05199e-07 
8.39 5.1558e-08 -1.03116e-07 
8.4 5.0537e-08 -1.01074e-07 
8.41 4.95363e-08 -9.90725e-08 
8.42 4.85554e-08 -9.71107e-08 
8.43 4.75939e-08 -9.51877e-08 
8.44 4.66514e-08 -9.33028e-08 
8.45 4.57276e-08 -9.14552e-08 
8.46 4.48221e-08 -8.96442e-08 
8.47 4.39346e-08 -8.78691e-08 
8.48 4.30646e-08 -8.61291e-08 
8.49 4.22118e-08 -8.44236e-08 
8.5 4.13759e-08 -8.27518e-08 
8.51 4.05566e-08 -8.11132e-08 
8.52 3.97535e-08 -7.9507e-08 
8.53 3.89663e-08 -7.79326e-08 
8.54 3.81947e-08 -7.63894e-08 
8.55 3.74384e-08 -7.48767e-08 
8.56 3.6697e-08 -7.3394e-08 
8.57 3.59703e-08 -7.19407e-08 
8.58 3.5258e-08 -7.05161e-08 
8.59 3.45599e-08 -6.91197e-08 
8.6 3.38755e-08 -6.7751e-08 
8.61 3.32047e-08 -6.64094e-08 
8.62 3.25472e-08 -6.50944e-08 
8.63 3.19027e-08 -6.38054e-08 
8.64 3.1271e-08 -6.25419e-08 
8.65 3.06517e-08 -6.13035e-08 
8.66 3.00448e-08 -6.00895e-08 
8.67 2.94498e-08 -5.88996e-08 
8.68 2.88667e-08 -5.77333e-08 
8.69 2.8295e-08 -5.65901e-08 
8.7 2.77347e-08 -5.54695e-08 
8.71 2.71855e-08 -5.43711e-08 
8.72 2.66472e-08 -5.32944e-08 
8.73 2.61195e-08 -5.22391e-08 
8.74 2.56023e-08 -5.12046e-08 
8.75 2.50953e-08 -5.01907e-08 
8.76 2.45984e-08 -4.91968e-08 
8.77 2.41113e-08 -4.82226e-08 
8.78 2.36339e-08 -4.72677e-08 
8.79 2.31659e-08 -4.63317e-08 
8.8 2.27071e-08 -4.54143e-08 
8.81 2.22575e-08 -4.4515e-08 
8.82 2.18167e-08 -4.36335e-08 
8.83 2.13847e-08 -4.27695e-08 
8.84 2.09613e-08 -4.19225e-08 
8.85 2.05462e-08 -4.10924e-08 
8.86 2.01393e-08 -4.02787e-08 
8.87 1.97405e-08 -3.94811e-08 
8.88 1.93496e-08 -3.86993e-08 
8.89 1.89665e-08 -3.7933e-08 
8.9 1.85909e-08 -3.71818e-08 
8.91 1.82228e-08 -3.64455e-08 
8.92 1.78619e-08 -3.57238e-08 
8.93 1.75082e-08 -3.50164e-08 
8.94 1.71615e-08 -3.4323e-08 
8.95 1.68217e-08 -3.36434e-08 
8.96 1.64886e-08 -3.29772e-08 
8.97 1.61621e-08 -3.23242e-08 
8.98 1.5842e-08 -3.16841e-08 
8.99 1.55283e-08 -3.10567e-08 
9 1.52208e-08 -3.04417e-08 
9.01 1.49194e-08 -2.98389e-08 
9.02 1.4624e-08 -2.9248e-08 
9.03 1.43344e-08 -2.86688e-08 
9.04 1.40506e-08 -2.81011e-08 
9.05 1.37723e-08 -2.75447e-08 
9.06 1.34996e-08 -2.69992e-08 
9.07 1.32323e-08 -2.64646e-08 
9.08 1.29703e-08 -2.59406e-08 
9.09 1.27134e-08 -2.54269e-08 
9.1 1.24617e-08 -2.49234e-08 
9.11 1.22149e-08 -2.44298e-08 
9.12 1.1973e-08 -2.39461e-08 
9.13 1.1736e-08 -2.34719e-08 
9.14 1.15036e-08 -2.30071e-08 
9.15 1.12758e-08 -2.25515e-08 
9.16 1.10525e-08 -2.2105e-08 
9.17 1.08336e-08 -2.16672e-08 
9.18 1.06191e-08 -2.12382e-08 
9.19 1.04088e-08 -2.08176e-08 
9.2 1.02027e-08 -2.04054e-08 
9.21 1.00007e-08 -2.00013e-08 
9.22 9.80263e-09 -1.96053e-08 
9.23 9.60852e-09 -1.9217e-08 
9.24 9.41825e-09 -1.88365e-08 
9.25 9.23175e-09 -1.84635e-08 
9.26 9.04895e-09 -1.80979e-08 
9.27 8.86976e-09 -1.77395e-08 
9.28 8.69412e-09 -1.73882e-08 
9.29 8.52196e-09 -1.70439e-08 
9.3 8.35321e-09 -1.67064e-08 
9.31 8.1878e-09 -1.63756e-08 
9.32 8.02566e-09 -1.60513e-08 
9.33 7.86674e-09 -1.57335e-08 
9.34 7.71096e-09 -1.54219e-08 
9.35 7.55827e-09 -1.51165e-08 
9.36 7.4086e-09 -1.48172e-08 
9.37 7.2619e-09 -1.45238e-08 
9.38 7.1181e-09 -1.42362e-08 
9.39 6.97714e-09 -1.39543e-08 
9.4 6.83898e-09 -1.3678e-08 
9.41 6.70356e-09 -1.34071e-08 
9.42 6.57081e-09 -1.31416e-08 
9.43 6.4407e-09 -1.28814e-08 
9.44 6.31316e-09 -1.26263e-08 
9.45 6.18815e-09 -1.23763e-08 
9.46 6.06561e-09 -1.21312e-08 
9.47 5.9455e-09 -1.1891e-08 
9.48 5.82777e-09 -1.16555e-08 
9.49 5.71237e-09 -1.14247e-08 
9.5 5.59925e-09 -1.11985e-08 
9.51 5.48837e-09 -1.09767e-08 
9.52 5.37969e-09 -1.07594e-08 
9.53 5.27316e-09 -1.05463e-08 
9.54 5.16874e-09 -1.03375e-08 
9.55 5.06639e-09 -1.01328e-08 
9.56 4.96607e-09 -9.93214e-09 
9.57 4.86773e-09 -9.73546e-09 
9.58 4.77134e-09 -9.54268e-09 
9.59 4.67686e-09 -9.35372e-09 
9.6 4.58425e-09 -9.16849e-09 
9.61 4.49347e-09 -8.98694e-09 
9.62 4.40449e-09 -8.80898e-09 
9.63 4.31727e-09 -8.63454e-09 
9.64 4.23178e-09 -8.46356e-09 
9.65 4.14798e-09 -8.29597e-09 
9.66 4.06585e-09 -8.13169e-09 
9.67 3.98533e-09 -7.97067e-09 
9.68 3.90642e-09 -7.81283e-09 
9.69 3.82906e-09 -7.65812e-09 
9.7 3.75324e-09 -7.50648e-09 
9.71 3.67892e-09 -7.35783e-09 
9.72 3.60607e-09 -7.21213e-09 
9.73 3.53466e-09 -7.06932e-09 
9.74 3.46467e-09 -6.92933e-09 
9.75 3.39606e-09 -6.79212e-09 
9.76 3.32881e-09 -6.65762e-09 
9.77 3.26289e-09 -6.52579e-09 
9.78 3.19828e-09 -6.39656e-09 
9.79 3.13495e-09 -6.2699e-09 
9.8 3.07287e-09 -6.14574e-09 
9.81 3.01202e-09 -6.02405e-09 
9.82 2.95238e-09 -5.90476e-09 
9.83 2.89392e-09 -5.78783e-09 
9.84 2.83661e-09 -5.67322e-09 
9.85 2.78044e-09 -5.56088e-09 
9.86 2.72538e-09 -5.45076e-09 
9.87 2.67141e-09 -5.34283e-09 
9.88 2.61851e-09 -5.23703e-09 
9.89 2.56666e-09 -5.13333e-09 
9.9 2.51584e-09 -5.03168e-09 
9.91 2.46602e-09 -4.93204e-09 
9.92 2.41719e-09 -4.83437e-09 
9.93 2.36932e-09 -4.73864e-09 
9.94 2.3224e-09 -4.64481e-09 
9.95 2.27642e-09 -4.55283e-09 
9.96 2.23134e-09 -4.46268e-09 
9.97 2.18715e-09 -4.37431e-09 
9.98 2.14384e-09 -4.28769e-09 
9.99 2.10139e-09 -4.20278e-09 
10 2.05978e-09 -4.11956e-09 
