0 1 -2 
0.01 0.980199 -1.9604 
0.02 0.960789 -1.92158 
0.03 0.941765 -1.88353 
0.04 0.923116 -1.84623 
0.05 0.904837 -1.80967 
0.06 0.88692 -1.77384 
0.07 0.869358 -1.73872 
0.08 0.852144 -1.70429 
0.09 0.83527 -1.67054 
0.1 0.818731 -1.63746 
0.11 0.802519 -1.60504 
0.12 0.786628 -1.57326 
0.13 0.771052 -1.5421 
0.14 0.755784 -1.51157 
0.15 0.740818 -1.48164 
0.16 0.726149 -1.4523 
0.17 0.71177 -1.42354 
0.18 0.697676 -1.39535 
0.19 0.683861 -1.36772 
0.2 0.67032 -1.34064 
0.21 0.657047 -1.31409 
0.22 0.644036 -1.28807 
0.23 0.631284 -1.26257 
0.24 0.618783 -1.23757 
0.25 0.606531 -1.21306 
0.26 0.594521 -1.18904 
0.27 0.582748 -1.1655 
0.28 0.571209 -1.14242 
0.29 0.559898 -1.1198 
0.3 0.548812 -1.09762 
0.31 0.537944 -1.07589 
0.32 0.527292 -1.05458 
0.33 0.516851 -1.0337 
0.34 0.506617 -1.01323 
0.35 0.496585 -0.993171 
0.36 0.486752 -0.973505 
0.37 0.477114 -0.954228 
0.38 0.467666 -0.935333 
0.39 0.458406 -0.916812 
0.4 0.449329 -0.898658 
0.41 0.440432 -0.880863 
0.42 0.431711 -0.863421 
0.43 0.423162 -0.846324 
0.44 0.414783 -0.829566 
0.45 0.40657 -0.813139 
0.46 0.398519 -0.797038 
0.47 0.390628 -0.781256 
0.48 0.382893 -0.765786 
0.49 0.375311 -0.750622 
0.5 0.367879 -0.735759 
0.51 0.360595 -0.72119 
0.52 0.353455 -0.706909 
0.53 0.346456 -0.692912 
0.54 0.339596 -0.679191 
0.55 0.332871 -0.665742 
0.56 0.32628 -0.65256 
0.57 0.319819 -0.639638 
0.58 0.313486 -0.626972 
0.59 0.307279 -0.614557 
0.6 0.301194 -0.602388 
0.61 0.29523 -0.59046 
0.62 0.289384 -0.578768 
0.63 0.283654 -0.567308 
0.64 0.278037 -0.556075 
0.65 0.272532 -0.545064 
0.66 0.267135 -0.534271 
0.67 0.261846 -0.523691 
0.68 0.256661 -0.513322 
0.69 0.251579 -0.503157 
0.7 0.246597 -0.493194 
0.71 0.241714 -0.483428 
0.72 0.236928 -0.473856 
0.73 0.232236 -0.464473 
0.74 0.227638 -0.455275 
0.75 0.22313 -0.44626 
0.76 0.218712 -0.437424 
0.77 0.214381 -0.428762 
0.78 0.210136 -0.420272 
0.79 0.205975 -0.41195 
0.8 0.201897 -0.403793 
0.81 0.197899 -0.395797 
0.82 0.19398 -0.38796 
0.83 0.190139 -0.380278 
0.84 0.186374 -0.372748 
0.85 0.182684 -0.365367 
0.86 0.179066 -0.358132 
0.87 0.17552 -0.351041 
0.88 0.172045 -0.34409 
0.89 0.168638 -0.337276 
0.9 0.165299 -0.330598 
0.91 0.162026 -0.324052 
0.92 0.158817 -0.317635 
0.93 0.155673 -0.311345 
0.94 0.15259 -0.30518 
0.95 0.149569 -0.299137 
0.96 0.146607 -0.293214 
0.97 0.143704 -0.287408 
0.98 0.140858 -0.281717 
0.99 0.138069 -0.276138 
1 0.135335 -0.270671 
1.01 0.132655 -0.265311 
1.02 0.130029 -0.260057 
1.03 0.127454 -0.254908 
1.04 0.12493 -0.24986 
1.05 0.122456 -0.244913 
1.06 0.120032 -0.240063 
1.07 0.117655 -0.23531 
1.08 0.115325 -0.23065 
1.09 0.113042 -0.226083 
1.1 0.110803 -0.221606 
1.11 0.108609 -0.217218 
1.12 0.106459 -0.212917 
1.13 0.10435 -0.208701 
1.14 0.102284 -0.204568 
1.15 0.100259 -0.200518 
1.16 0.0982736 -0.196547 
1.17 0.0963276 -0.192655 
1.18 0.0944202 -0.18884 
1.19 0.0925506 -0.185101 
1.2 0.090718 -0.181436 
1.21 0.0889216 -0.177843 
1.22 0.0871609 -0.174322 
1.23 0.085435 -0.17087 
1.24 0.0837432 -0.167486 
1.25 0.082085 -0.16417 
1.26 0.0804596 -0.160919 
1.27 0.0788664 -0.157733 
1.28 0.0773047 -0.154609 
1.29 0.075774 -0.151548 
1.3 0.0742736 -0.148547 
1.31 0.0728029 -0.145606 
1.32 0.0713613 -0.142723 
1.33 0.0699482 -0.139896 
1.34 0.0685632 -0.137126 
1.35 0.0672055 -0.134411 
1.36 0.0658748 -0.13175 
1.37 0.0645703 -0.129141 
1.38 0.0632918 -0.126584 
1.39 0.0620385 -0.124077 
1.4 0.0608101 -0.12162 
1.41 0.0596059 -0.119212 
1.42 0.0584257 -0.116851 
1.43 0.0572688 -0.114538 
1.44 0.0561348 -0.11227 
1.45 0.0550232 -0.110046 
1.46 0.0539337 -0.107867 
1.47 0.0528657 -0.105731 
1.48 0.0518189 -0.103638 
1.49 0.0507928 -0.101586 
1.5 0.0497871 -0.0995741 
1.51 0.0488012 -0.0976024 
1.52 0.0478349 -0.0956698 
1.53 0.0468877 -0.0937754 
1.54 0.0459593 -0.0919185 
1.55 0.0450492 -0.0900984 
1.56 0.0441572 -0.0883143 
1.57 0.0432828 -0.0865656 
1.58 0.0424257 -0.0848515 
1.59 0.0415857 -0.0831713 
1.6 0.0407622 -0.0815244 
1.61 0.0399551 -0.0799101 
1.62 0.0391639 -0.0783278 
1.63 0.0383884 -0.0767768 
1.64 0.0376283 -0.0752565 
1.65 0.0368832 -0.0737663 
1.66 0.0361528 -0.0723057 
1.67 0.035437 -0.0708739 
1.68 0.0347353 -0.0694705 
1.69 0.0340475 -0.0680949 
1.7 0.0333733 -0.0667465 
1.71 0.0327124 -0.0654249 
1.72 0.0320647 -0.0641294 
1.73 0.0314298 -0.0628595 
1.74 0.0308074 -0.0616148 
1.75 0.0301974 -0.0603948 
1.76 0.0295994 -0.0591989 
1.77 0.0290133 -0.0580267 
1.78 0.0284388 -0.0568776 
1.79 0.0278757 -0.0557514 
1.8 0.0273237 -0.0546474 
1.81 0.0267827 -0.0535654 
1.82 0.0262523 -0.0525047 
1.83 0.0257325 -0.051465 
1.84 0.025223 -0.0504459 
1.85 0.0247235 -0.0494471 
1.86 0.024234 -0.0484679 
1.87 0.0237541 -0.0475082 
1.88 0.0232837 -0.0465675 
1.89 0.0228227 -0.0456454 
1.9 0.0223708 -0.0447415 
1.91 0.0219278 -0.0438556 
1.92 0.0214936 -0.0429872 
1.93 0.021068 -0.042136 
1.94 0.0206508 -0.0413017 
1.95 0.0202419 -0.0404838 
1.96 0.0198411 -0.0396822 
1.97 0.0194482 -0.0388964 
1.98 0.0190631 -0.0381262 
1.99 0.0186856 -0.0373713 
2 0.0183156 -0.0366313 
2.01 0.017953 -0.0359059 
2.02 0.0175975 -0.0351949 
2.03 0.017249 -0.034498 
2.04 0.0169075 -0.0338149 
2.05 0.0165727 -0.0331454 
2.06 0.0162445 -0.032489 
2.07 0.0159229 -0.0318457 
2.08 0.0156076 -0.0312151 
2.09 0.0152985 -0.030597 
2.1 0.0149956 -0.0299912 
2.11 0.0146986 -0.0293973 
2.12 0.0144076 -0.0288152 
2.13 0.0141223 -0.0282446 
2.14 0.0138427 -0.0276853 
2.15 0.0135686 -0.0271371 
2.16 0.0132999 -0.0265998 
2.17 0.0130365 -0.0260731 
2.18 0.0127784 -0.0255568 
2.19 0.0125254 -0.0250507 
2.2 0.0122773 -0.0245547 
2.21 0.0120342 -0.0240685 
2.22 0.0117959 -0.0235919 
2.23 0.0115624 -0.0231247 
2.24 0.0113334 -0.0226668 
2.25 0.011109 -0.022218 
2.26 0.010889 -0.021778 
2.27 0.0106734 -0.0213468 
2.28 0.0104621 -0.0209241 
2.29 0.0102549 -0.0205098 
2.3 0.0100518 -0.0201037 
2.31 0.0098528 -0.0197056 
2.32 0.0096577 -0.0193154 
2.33 0.00946646 -0.0189329 
2.34 0.00927901 -0.018558 
2.35 0.00909528 -0.0181906 
2.36 0.00891518 -0.0178304 
2.37 0.00873865 -0.0174773 
2.38 0.00856561 -0.0171312 
2.39 0.008396 -0.016792 
2.4 0.00822975 -0.0164595 
2.41 0.00806679 -0.0161336 
2.42 0.00790705 -0.0158141 
2.43 0.00775048 -0.015501 
2.44 0.00759701 -0.015194 
2.45 0.00744658 -0.0148932 
2.46 0.00729913 -0.0145983 
2.47 0.0071546 -0.0143092 
2.48 0.00701293 -0.0140259 
2.49 0.00687406 -0.0137481 
2.5 0.00673795 -0.0134759 
2.51 0.00660453 -0.0132091 
2.52 0.00647375 -0.0129475 
2.53 0.00634556 -0.0126911 
2.54 0.00621991 -0.0124398 
2.55 0.00609675 -0.0121935 
2.56 0.00597602 -0.011952 
2.57 0.00585769 -0.0117154 
2.58 0.0057417 -0.0114834 
2.59 0.00562801 -0.011256 
2.6 0.00551656 -0.0110331 
2.61 0.00540733 -0.0108147 
2.62 0.00530026 -0.0106005 
2.63 0.0051953 -0.0103906 
2.64 0.00509243 -0.0101849 
2.65 0.00499159 -0.00998319 
2.66 0.00489275 -0.00978551 
2.67 0.00479587 -0.00959174 
2.68 0.00470091 -0.00940181 
2.69 0.00460782 -0.00921564 
2.7 0.00451658 -0.00903316 
2.71 0.00442715 -0.00885429 
2.72 0.00433948 -0.00867897 
2.73 0.00425356 -0.00850711 
2.74 0.00416933 -0.00833866 
2.75 0.00408677 -0.00817354 
2.76 0.00400585 -0.0080117 
2.77 0.00392653 -0.00785305 
2.78 0.00384878 -0.00769755 
2.79 0.00377257 -0.00754513 
2.8 0.00369786 -0.00739573 
2.81 0.00362464 -0.00724928 
2.82 0.00355287 -0.00710574 
2.83 0.00348252 -0.00696503 
2.84 0.00341356 -0.00682712 
2.85 0.00334597 -0.00669193 
2.86 0.00327971 -0.00655942 
2.87 0.00321477 -0.00642954 
2.88 0.00315111 -0.00630222 
2.89 0.00308872 -0.00617743 
2.9 0.00302755 -0.00605511 
2.91 0.00296761 -0.00593521 
2.92 0.00290884 -0.00581769 
2.93 0.00285124 -0.00570249 
2.94 0.00279479 -0.00558957 
2.95 0.00273944 -0.00547889 
2.96 0.0026852 -0.0053704 
2.97 0.00263203 -0.00526406 
2.98 0.00257991 -0.00515982 
2.99 0.00252883 -0.00505765 
3 0.00247875 -0.0049575 
3.01 0.00242967 -0.00485934 
3.02 0.00238156 -0.00476312 
3.03 0.0023344 -0.0046688 
3.04 0.00228818 -0.00457635 
3.05 0.00224287 -0.00448574 
3.06 0.00219846 -0.00439691 
3.07 0.00215492 -0.00430985 
3.08 0.00211225 -0.00422451 
3.09 0.00207043 -0.00414086 
3.1 0.00202943 -0.00405886 
3.11 0.00198925 -0.00397849 
3.12 0.00194986 -0.00389971 
3.13 0.00191125 -0.00382249 
3.14 0.0018734 -0.0037468 
3.15 0.0018363 -0.00367261 
3.16 0.00179994 -0.00359989 
3.17 0.0017643 -0.0035286 
3.18 0.00172937 -0.00345873 
3.19 0.00169512 -0.00339025 
3.2 0.00166156 -0.00332311 
3.21 0.00162866 -0.00325731 
3.22 0.00159641 -0.00319281 
3.23 0.0015648 -0.00312959 
3.24 0.00153381 -0.00306762 
3.25 0.00150344 -0.00300688 
3.26 0.00147367 -0.00294734 
3.27 0.00144449 -0.00288898 
3.28 0.00141589 -0.00283177 
3.29 0.00138785 -0.0027757 
3.3 0.00136037 -0.00272074 
3.31 0.00133343 -0.00266686 
3.32 0.00130703 -0.00261405 
3.33 0.00128115 -0.00256229 
3.34 0.00125578 -0.00251156 
3.35 0.00123091 -0.00246182 
3.36 0.00120654 -0.00241308 
3.37 0.00118265 -0.00236529 
3.38 0.00115923 -0.00231846 
3.39 0.00113627 -0.00227255 
3.4 0.00111378 -0.00222755 
3.41 0.00109172 -0.00218344 
3.42 0.0010701 -0.00214021 
3.43 0.00104891 -0.00209783 
3.44 0.00102814 -0.00205629 
3.45 0.00100779 -0.00201557 
3.46 0.00098783 -0.00197566 
3.47 0.00096827 -0.00193654 
3.48 0.000949097 -0.00189819 
3.49 0.000930303 -0.00186061 
3.5 0.000911882 -0.00182376 
3.51 0.000893826 -0.00178765 
3.52 0.000876127 -0.00175225 
3.53 0.000858778 -0.00171756 
3.54 0.000841773 -0.00168355 
3.55 0.000825105 -0.00165021 
3.56 0.000808767 -0.00161753 
3.57 0.000792752 -0.0015855 
3.58 0.000777055 -0.00155411 
3.59 0.000761668 -0.00152334 
3.6 0.000746586 -0.00149317 
3.61 0.000731802 -0.0014636 
3.62 0.000717312 -0.00143462 
3.63 0.000703108 -0.00140622 
3.64 0.000689186 -0.00137837 
3.65 0.000675539 -0.00135108 
3.66 0.000662162 -0.00132432 
3.67 0.000649051 -0.0012981 
3.68 0.000636198 -0.0012724 
3.69 0.000623601 -0.0012472 
3.7 0.000611253 -0.00122251 
3.71 0.000599149 -0.0011983 
3.72 0.000587285 -0.00117457 
3.73 0.000575656 -0.00115131 
3.74 0.000564257 -0.00112851 
3.75 0.000553084 -0.00110617 
3.76 0.000542133 -0.00108427 
3.77 0.000531398 -0.0010628 
3.78 0.000520875 -0.00104175 
3.79 0.000510561 -0.00102112 
3.8 0.000500451 -0.0010009 
3.81 0.000490542 -0.000981084 
3.82 0.000480828 -0.000961657 
3.83 0.000471307 -0.000942615 
3.84 0.000461975 -0.00092395 
3.85 0.000452827 -0.000905654 
3.86 0.000443861 -0.000887721 
3.87 0.000435072 -0.000870143 
3.88 0.000426457 -0.000852913 
3.89 0.000418012 -0.000836024 
3.9 0.000409735 -0.00081947 
3.91 0.000401622 -0.000803243 
3.92 0.000393669 -0.000787338 
3.93 0.000385874 -0.000771748 
3.94 0.000378233 -0.000756466 
3.95 0.000370744 -0.000741487 
3.96 0.000363402 -0.000726805 
3.97 0.000356206 -0.000712413 
3.98 0.000349153 -0.000698306 
3.99 0.000342239 -0.000684479 
4 0.000335463 -0.000670925 
4.01 0.00032882 -0.00065764 
4.02 0.000322309 -0.000644618 
4.03 0.000315927 -0.000631854 
4.04 0.000309671 -0.000619342 
4.05 0.000303539 -0.000607078 
4.06 0.000297529 -0.000595057 
4.07 0.000291637 -0.000583274 
4.08 0.000285862 -0.000571725 
4.09 0.000280202 -0.000560404 
4.1 0.000274654 -0.000549307 
4.11 0.000269215 -0.00053843 
4.12 0.000263884 -0.000527769 
4.13 0.000258659 -0.000517318 
4.14 0.000253537 -0.000507074 
4.15 0.000248517 -0.000497034 
4.16 0.000243596 -0.000487192 
4.17 0.000238772 -0.000477545 
4.18 0.000234044 -0.000468089 
4.19 0.00022941 -0.00045882 
4.2 0.000224867 -0.000449735 
4.21 0.000220415 -0.000440829 
4.22 0.00021605 -0.0004321 
4.23 0.000211772 -0.000423544 
4.24 0.000207579 -0.000415157 
4.25 0.000203468 -0.000406937 
4.26 0.000199439 -0.000398879 
4.27 0.00019549 -0.000390981 
4.28 0.000191619 -0.000383239 
4.29 0.000187825 -0.00037565 
4.3 0.000184106 -0.000368212 
4.31 0.00018046 -0.000360921 
4.32 0.000176887 -0.000353774 
4.33 0.000173384 -0.000346769 
4.34 0.000169951 -0.000339902 
4.35 0.000166586 -0.000333172 
4.36 0.000163287 -0.000326574 
4.37 0.000160054 -0.000320108 
4.38 0.000156885 -0.000313769 
4.39 0.000153778 -0.000307556 
4.4 0.000150733 -0.000301466 
4.41 0.000147748 -0.000295497 
4.42 0.000144823 -0.000289645 
4.43 0.000141955 -0.00028391 
4.44 0.000139144 -0.000278288 
4.45 0.000136389 -0.000272778 
4.46 0.000133688 -0.000267376 
4.47 0.000131041 -0.000262082 
4.48 0.000128446 -0.000256893 
4.49 0.000125903 -0.000251806 
4.5 0.00012341 -0.00024682 
4.51 0.000120966 -0.000241932 
4.52 0.000118571 -0.000237142 
4.53 0.000116223 -0.000232446 
4.54 0.000113922 -0.000227843 
4.55 0.000111666 -0.000223332 
4.56 0.000109455 -0.000218909 
4.57 0.000107287 -0.000214575 
4.58 0.000105163 -0.000210326 
4.59 0.000103081 -0.000206161 
4.6 0.000101039 -0.000202079 
4.61 9.90387e-05 -0.000198077 
4.62 9.70776e-05 -0.000194155 
4.63 9.51553e-05 -0.000190311 
4.64 9.32711e-05 -0.000186542 
4.65 9.14242e-05 -0.000182848 
4.66 8.96139e-05 -0.000179228 
4.67 8.78394e-05 -0.000175679 
4.68 8.61001e-05 -0.0001722 
4.69 8.43952e-05 -0.00016879 
4.7 8.27241e-05 -0.000165448 
4.71 8.1086e-05 -0.000162172 
4.72 7.94804e-05 -0.000158961 
4.73 7.79066e-05 -0.000155813 
4.74 7.63639e-05 -0.000152728 
4.75 7.48518e-05 -0.000149704 
4.76 7.33697e-05 -0.000146739 
4.77 7.19168e-05 -0.000143834 
4.78 7.04928e-05 -0.000140986 
4.79 6.90969e-05 -0.000138194 
4.8 6.77287e-05 -0.000135457 
4.81 6.63876e-05 -0.000132775 
4.82 6.50731e-05 -0.000130146 
4.83 6.37845e-05 -0.000127569 
4.84 6.25215e-05 -0.000125043 
4.85 6.12835e-05 -0.000122567 
4.86 6.007e-05 -0.00012014 
4.87 5.88805e-05 -0.000117761 
4.88 5.77146e-05 -0.000115429 
4.89 5.65718e-05 -0.000113144 
4.9 5.54516e-05 -0.000110903 
4.91 5.43536e-05 -0.000108707 
4.92 5.32773e-05 -0.000106555 
4.93 5.22224e-05 -0.000104445 
4.94 5.11883e-05 -0.000102377 
4.95 5.01747e-05 -0.000100349 
4.96 4.91812e-05 -9.83623e-05 
4.97 4.82073e-05 -9.64146e-05 
4.98 4.72527e-05 -9.45055e-05 
4.99 4.63171e-05 -9.26341e-05 
5 4.53999e-05 -9.07999e-05 
5.01 4.4501e-05 -8.90019e-05 
5.02 4.36198e-05 -8.72395e-05 
5.03 4.2756e-05 -8.55121e-05 
5.04 4.19094e-05 -8.38188e-05 
5.05 4.10796e-05 -8.21591e-05 
5.06 4.02661e-05 -8.05323e-05 
5.07 3.94688e-05 -7.89376e-05 
5.08 3.86873e-05 -7.73745e-05 
5.09 3.79212e-05 -7.58424e-05 
5.1 3.71703e-05 -7.43406e-05 
5.11 3.64343e-05 -7.28686e-05 
5.12 3.57129e-05 -7.14257e-05 
5.13 3.50057e-05 -7.00114e-05 
5.14 3.43125e-05 -6.86251e-05 
5.15 3.36331e-05 -6.72662e-05 
5.16 3.29671e-05 -6.59342e-05 
5.17 3.23143e-05 -6.46286e-05 
5.18 3.16745e-05 -6.33489e-05 
5.19 3.10473e-05 -6.20945e-05 
5.2 3.04325e-05 -6.0865e-05 
5.21 2.98299e-05 -5.96598e-05 
5.22 2.92392e-05 -5.84784e-05 
5.23 2.86602e-05 -5.73205e-05 
5.24 2.80927e-05 -5.61854e-05 
5.25 2.75364e-05 -5.50729e-05 
5.26 2.69912e-05 -5.39824e-05 
5.27 2.64567e-05 -5.29135e-05 
5.28 2.59329e-05 -5.18657e-05 
5.29 2.54193e-05 -5.08387e-05 
5.3 2.4916e-05 -4.9832e-05 
5.31 2.44226e-05 -4.88453e-05 
5.32 2.3939e-05 -4.78781e-05 
5.33 2.3465e-05 -4.693e-05 
5.34 2.30004e-05 -4.60008e-05 
5.35 2.25449e-05 -4.50899e-05 
5.36 2.20985e-05 -4.4197e-05 
5.37 2.16609e-05 -4.33219e-05 
5.38 2.1232e-05 -4.2464e-05 
5.39 2.08116e-05 -4.16232e-05 
5.4 2.03995e-05 -4.0799e-05 
5.41 1.99956e-05 -3.99911e-05 
5.42 1.95996e-05 -3.91993e-05 
5.43 1.92115e-05 -3.84231e-05 
5.44 1.88311e-05 -3.76622e-05 
5.45 1.84582e-05 -3.69165e-05 
5.46 1.80927e-05 -3.61855e-05 
5.47 1.77345e-05 -3.5469e-05 
5.48 1.73833e-05 -3.47666e-05 
5.49 1.70391e-05 -3.40782e-05 
5.5 1.67017e-05 -3.34034e-05 
5.51 1.6371e-05 -3.2742e-05 
5.52 1.60468e-05 -3.20936e-05 
5.53 1.57291e-05 -3.14581e-05 
5.54 1.54176e-05 -3.08352e-05 
5.55 1.51123e-05 -3.02246e-05 
5.56 1.48131e-05 -2.96262e-05 
5.57 1.45198e-05 -2.90395e-05 
5.58 1.42323e-05 -2.84645e-05 
5.59 1.39504e-05 -2.79009e-05 
5.6 1.36742e-05 -2.73484e-05 
5.61 1.34034e-05 -2.68069e-05 
5.62 1.3138e-05 -2.6276e-05 
5.63 1.28779e-05 -2.57557e-05 
5.64 1.26229e-05 -2.52457e-05 
5.65 1.23729e-05 -2.47458e-05 
5.66 1.21279e-05 -2.42558e-05 
5.67 1.18878e-05 -2.37756e-05 
5.68 1.16524e-05 -2.33048e-05 
5.69 1.14216e-05 -2.28433e-05 
5.7 1.11955e-05 -2.2391e-05 
5.71 1.09738e-05 -2.19476e-05 
5.72 1.07565e-05 -2.1513e-05 
5.73 1.05435e-05 -2.1087e-05 
5.74 1.03347e-05 -2.06695e-05 
5.75 1.01301e-05 -2.02602e-05 
5.76 9.9295e-06 -1.9859e-05 
5.77 9.73289e-06 -1.94658e-05 
5.78 9.54016e-06 -1.90803e-05 
5.79 9.35126e-06 -1.87025e-05 
5.8 9.16609e-06 -1.83322e-05 
5.81 8.98459e-06 -1.79692e-05 
5.82 8.80668e-06 -1.76134e-05 
5.83 8.6323e-06 -1.72646e-05 
5.84 8.46137e-06 -1.69227e-05 
5.85 8.29382e-06 -1.65876e-05 
5.86 8.12959e-06 -1.62592e-05 
5.87 7.96861e-06 -1.59372e-05 
5.88 7.81082e-06 -1.56216e-05 
5.89 7.65616e-06 -1.53123e-05 
5.9 7.50456e-06 -1.50091e-05 
5.91 7.35596e-06 -1.47119e-05 
5.92 7.2103e-06 -1.44206e-05 
5.93 7.06753e-06 -1.41351e-05 
5.94 6.92758e-06 -1.38552e-05 
5.95 6.7904e-06 -1.35808e-05 
5.96 6.65595e-06 -1.33119e-05 
5.97 6.52415e-06 -1.30483e-05 
5.98 6.39496e-06 -1.27899e-05 
5.99 6.26833e-06 -1.25367e-05 
6 6.14421e-06 -1.22884e-05 
6.01 6.02255e-06 -1.20451e-05 
6.02 5.90329e-06 -1.18066e-05 
6.03 5.7864e-06 -1.15728e-05 
6.04 5.67182e-06 -1.13436e-05 
6.05 5.55951e-06 -1.1119e-05 
6.06 5.44943e-06 -1.08989e-05 
6.07 5.34152e-06 -1.0683e-05 
6.08 5.23575e-06 -1.04715e-05 
6.09 5.13208e-06 -1.02642e-05 
6.1 5.03046e-06 -1.00609e-05 
6.11 4.93085e-06 -9.86169e-06 
6.12 4.83321e-06 -9.66642e-06 
6.13 4.7375e-06 -9.47501e-06 
6.14 4.6437e-06 -9.28739e-06 
6.15 4.55174e-06 -9.10349e-06 
6.16 4.46161e-06 -8.92323e-06 
6.17 4.37327e-06 -8.74654e-06 
6.18 4.28667e-06 -8.57334e-06 
6.19 4.20179e-06 -8.40358e-06 
6.2 4.11859e-06 -8.23718e-06 
6.21 4.03704e-06 -8.07407e-06 
6.22 3.9571e-06 -7.91419e-06 
6.23 3.87874e-06 -7.75748e-06 
6.24 3.80194e-06 -7.60387e-06 
6.25 3.72665e-06 -7.45331e-06 
6.26 3.65286e-06 -7.30572e-06 
6.27 3.58053e-06 -7.16106e-06 
6.28 3.50963e-06 -7.01926e-06 
6.29 3.44013e-06 -6.88027e-06 
6.3 3.37202e-06 -6.74403e-06 
6.31 3.30524e-06 -6.61049e-06 
6.32 3.2398e-06 -6.47959e-06 
6.33 3.17564e-06 -6.35129e-06 
6.34 3.11276e-06 -6.22552e-06 
6.35 3.05113e-06 -6.10225e-06 
6.36 2.99071e-06 -5.98142e-06 
6.37 2.93149e-06 -5.86298e-06 
6.38 2.87344e-06 -5.74688e-06 
6.39 2.81654e-06 -5.63309e-06 
6.4 2.76077e-06 -5.52155e-06 
6.41 2.70611e-06 -5.41221e-06 
6.42 2.65252e-06 -5.30504e-06 
6.43 2.6e-06 -5.2e-06 
6.44 2.54851e-06 -5.09703e-06 
6.45 2.49805e-06 -4.9961e-06 
6.46 2.44859e-06 -4.89717e-06 
6.47 2.4001e-06 -4.8002e-06 
6.48 2.35258e-06 -4.70515e-06 
6.49 2.30599e-06 -4.61198e-06 
6.5 2.26033e-06 -4.52066e-06 
6.51 2.21557e-06 -4.43114e-06 
6.52 2.1717e-06 -4.3434e-06 
6.53 2.1287e-06 -4.2574e-06 
6.54 2.08655e-06 -4.17309e-06 
6.55 2.04523e-06 -4.09046e-06 
6.56 2.00473e-06 -4.00946e-06 
6.57 1.96504e-06 -3.93007e-06 
6.58 1.92613e-06 -3.85225e-06 
6.59 1.88799e-06 -3.77597e-06 
6.6 1.8506e-06 -3.7012e-06 
6.61 1.81396e-06 -3.62791e-06 
6.62 1.77804e-06 -3.55608e-06 
6.63 1.74283e-06 -3.48566e-06 
6.64 1.70832e-06 -3.41664e-06 
6.65 1.67449e-06 -3.34899e-06 
6.66 1.64134e-06 -3.28267e-06 
6.67 1.60884e-06 -3.21767e-06 
6.68 1.57698e-06 -3.15396e-06 
6.69 1.54575e-06 -3.0915e-06 
6.7 1.51514e-06 -3.03029e-06 
6.71 1.48514e-06 -2.97028e-06 
6.72 1.45573e-06 -2.91147e-06 
6.73 1.42691e-06 -2.85382e-06 
6.74 1.39865e-06 -2.79731e-06 
6.75 1.37096e-06 -2.74192e-06 
6.76 1.34381e-06 -2.68762e-06 
6.77 1.3172e-06 -2.63441e-06 
6.78 1.29112e-06 -2.58224e-06 
6.79 1.26555e-06 -2.53111e-06 
6.8 1.2405e-06 -2.48099e-06 
6.81 1.21593e-06 -2.43186e-06 
6.82 1.19185e-06 -2.38371e-06 
6.83 1.16825e-06 -2.33651e-06 
6.84 1.14512e-06 -2.29024e-06 
6.85 1.12245e-06 -2.24489e-06 
6.86 1.10022e-06 -2.20044e-06 
6.87 1.07843e-06 -2.15687e-06 
6.88 1.05708e-06 -2.11416e-06 
6.89 1.03615e-06 -2.0723e-06 
6.9 1.01563e-06 -2.03126e-06 
6.91 9.95521e-07 -1.99104e-06 
6.92 9.75808e-07 -1.95162e-06 
6.93 9.56486e-07 -1.91297e-06 
6.94 9.37546e-07 -1.87509e-06 
6.95 9.18981e-07 -1.83796e-06 
6.96 9.00784e-07 -1.80157e-06 
6.97 8.82948e-07 -1.7659e-06 
6.98 8.65464e-07 -1.73093e-06 
6.99 8.48327e-07 -1.69665e-06 
7 8.31529e-07 -1.66306e-06 
7.01 8.15063e-07 -1.63013e-06 
7.02 7.98924e-07 -1.59785e-06 
7.03 7.83104e-07 -1.56621e-06 
7.04 7.67598e-07 -1.5352e-06 
7.05 7.52398e-07 -1.5048e-06 
7.06 7.375e-07 -1.475e-06 
7.07 7.22896e-07 -1.44579e-06 
7.08 7.08582e-07 -1.41716e-06 
7.09 6.94551e-07 -1.3891e-06 
7.1 6.80798e-07 -1.3616e-06 
7.11 6.67317e-07 -1.33463e-06 
7.12 6.54104e-07 -1.30821e-06 
7.13 6.41152e-07 -1.2823e-06 
7.14 6.28456e-07 -1.25691e-06 
7.15 6.16012e-07 -1.23202e-06 
7.16 6.03814e-07 -1.20763e-06 
7.17 5.91857e-07 -1.18371e-06 
7.18 5.80138e-07 -1.16028e-06 
7.19 5.6865e-07 -1.1373e-06 
7.2 5.5739e-07 -1.11478e-06 
7.21 5.46353e-07 -1.09271e-06 
7.22 5.35535e-07 -1.07107e-06 
7.23 5.2493e-07 -1.04986e-06 
7.24 5.14536e-07 -1.02907e-06 
7.25 5.04348e-07 -1.0087e-06 
7.26 4.94361e-07 -9.88722e-07 
7.27 4.84572e-07 -9.69144e-07 
7.28 4.74977e-07 -9.49954e-07 
7.29 4.65572e-07 -9.31143e-07 
7.3 4.56353e-07 -9.12705e-07 
7.31 4.47316e-07 -8.94633e-07 
7.32 4.38459e-07 -8.76918e-07 
7.33 4.29777e-07 -8.59553e-07 
7.34 4.21267e-07 -8.42533e-07 
7.35 4.12925e-07 -8.2585e-07 
7.36 4.04748e-07 -8.09497e-07 
7.37 3.96734e-07 -7.93468e-07 
7.38 3.88878e-07 -7.77756e-07 
7.39 3.81178e-07 -7.62356e-07 
7.4 3.7363e-07 -7.4726e-07 
7.41 3.66232e-07 -7.32463e-07 
7.42 3.5898e-07 -7.17959e-07 
7.43 3.51871e-07 -7.03743e-07 
7.44 3.44904e-07 -6.89808e-07 
7.45 3.38074e-07 -6.76149e-07 
7.46 3.3138e-07 -6.6276e-07 
7.47 3.24818e-07 -6.49637e-07 
7.48 3.18386e-07 -6.36773e-07 
7.49 3.12082e-07 -6.24164e-07 
7.5 3.05902e-07 -6.11805e-07 
7.51 2.99845e-07 -5.9969e-07 
7.52 2.93908e-07 -5.87815e-07 
7.53 2.88088e-07 -5.76176e-07 
7.54 2.82383e-07 -5.64767e-07 
7.55 2.76792e-07 -5.53584e-07 
7.56 2.71311e-07 -5.42622e-07 
7.57 2.65939e-07 -5.31877e-07 
7.58 2.60673e-07 -5.21346e-07 
7.59 2.55511e-07 -5.11022e-07 
7.6 2.50452e-07 -5.00903e-07 
7.61 2.45492e-07 -4.90985e-07 
7.62 2.40631e-07 -4.81263e-07 
7.63 2.35866e-07 -4.71733e-07 
7.64 2.31196e-07 -4.62392e-07 
7.65 2.26618e-07 -4.53236e-07 
7.66 2.22131e-07 -4.44261e-07 
7.67 2.17732e-07 -4.35464e-07 
7.68 2.13421e-07 -4.26842e-07 
7.69 2.09195e-07 -4.1839e-07 
7.7 2.05052e-07 -4.10105e-07 
7.71 2.00992e-07 -4.01984e-07 
7.72 1.97012e-07 -3.94024e-07 
7.73 1.93111e-07 -3.86222e-07 
7.74 1.89287e-07 -3.78575e-07 
7.75 1.85539e-07 -3.71078e-07 
7.76 1.81865e-07 -3.6373e-07 
7.77 1.78264e-07 -3.56528e-07 
7.78 1.74734e-07 -3.49468e-07 
7.79 1.71274e-07 -3.42548e-07 
7.8 1.67883e-07 -3.35766e-07 
7.81 1.64558e-07 -3.29117e-07 
7.82 1.613e-07 -3.226e-07 
7.83 1.58106e-07 -3.16212e-07 
7.84 1.54975e-07 -3.09951e-07 
7.85 1.51907e-07 -3.03813e-07 
7.86 1.48899e-07 -2.97797e-07 
7.87 1.4595e-07 -2.91901e-07 
7.88 1.4306e-07 -2.8612e-07 
7.89 1.40227e-07 -2.80455e-07 
7.9 1.37451e-07 -2.74902e-07 
7.91 1.34729e-07 -2.69458e-07 
7.92 1.32061e-07 -2.64123e-07 
7.93 1.29446e-07 -2.58893e-07 
7.94 1.26883e-07 -2.53766e-07 
7.95 1.24371e-07 -2.48741e-07 
7.96 1.21908e-07 -2.43816e-07 
7.97 1.19494e-07 -2.38988e-07 
7.98 1.17128e-07 -2.34256e-07 
7.99 1.14809e-07 -2.29617e-07 
8 1.12535e-07 -2.2507e-07 
8.01 1.10307e-07 -2.20614e-07 
8.02 1.08123e-07 -2.16245e-07 
8.03 1.05982e-07 -2.11963e-07 
8.04 1.03883e-07 -2.07766e-07 
8.05 1.01826e-07 -2.03652e-07 
8.06 9.98097e-08 -1.99619e-07 
8.07 9.78334e-08 -1.95667e-07 
8.08 9.58962e-08 -1.91792e-07 
8.09 9.39973e-08 -1.87995e-07 
8.1 9.2136e-08 -1.84272e-07 
8.11 9.03116e-08 -1.80623e-07 
8.12 8.85233e-08 -1.77047e-07 
8.13 8.67704e-08 -1.73541e-07 
8.14 8.50523e-08 -1.70105e-07 
8.15 8.33681e-08 -1.66736e-07 
8.16 8.17173e-08 -1.63435e-07 
8.17 8.00992e-08 -1.60198e-07 
8.18 7.85131e-08 -1.57026e-07 
8.19 7.69585e-08 -1.53917e-07 
8.2 7.54346e-08 -1.50869e-07 
8.21 7.39409e-08 -1.47882e-07 
8.22 7.24768e-08 -1.44954e-07 
8.23 7.10416e-08 -1.42083e-07 
8.24 6.96349e-08 -1.3927e-07 
8.25 6.8256e-08 -1.36512e-07 
8.26 6.69045e-08 -1.33809e-07 
8.27 6.55797e-08 -1.31159e-07 
8.28 6.42811e-08 -1.28562e-07 
8.29 6.30083e-08 -1.26017e-07 
8.3 6.17606e-08 -1.23521e-07 
8.31 6.05377e-08 -1.21075e-07 
8.32 5.93389e-08 -1.18678e-07 
8.33 5.8164e-08 -1.16328e-07 
8.34 5.70122e-08 -1.14024e-07 
8.35 5.58833e-08 -1.11767e-07 
8.36 5.47768e-08 -1.09554e-07 
8.37 5.36921e-08 -1.07384e-07 
8.38 5.26289e-08 -1.05258e-07 
8.39 5.15868e-08 -1.03174e-07 
8.4 5.05653e-08 -1.01131e-07 
8.41 4.95641e-08 -9.91281e-08 
8.42 4.85826e-08 -9.71652e-08 
8.43 4.76206e-08 -9.52412e-08 
8.44 4.66777e-08 -9.33553e-08 
8.45 4.57534e-08 -9.15068e-08 
8.46 4.48474e-08 -8.96948e-08 
8.47 4.39594e-08 -8.79187e-08 
8.48 4.30889e-08 -8.61778e-08 
8.49 4.22357e-08 -8.44714e-08 
8.5 4.13994e-08 -8.27988e-08 
8.51 4.05796e-08 -8.11592e-08 
8.52 3.97761e-08 -7.95522e-08 
8.53 3.89885e-08 -7.79769e-08 
8.54 3.82164e-08 -7.64329e-08 
8.55 3.74597e-08 -7.49194e-08 
8.56 3.6718e-08 -7.34359e-08 
8.57 3.59909e-08 -7.19818e-08 
8.58 3.52782e-08 -7.05564e-08 
8.59 3.45797e-08 -6.91593e-08 
8.6 3.38949e-08 -6.77899e-08 
8.61 3.32238e-08 -6.64476e-08 
8.62 3.25659e-08 -6.51318e-08 
8.63 3.19211e-08 -6.38421e-08 
8.64 3.1289e-08 -6.2578e-08 
8.65 3.06694e-08 -6.13388e-08 
8.66 3.00621e-08 -6.01242e-08 
8.67 2.94668e-08 -5.89337e-08 
8.68 2.88834e-08 -5.77667e-08 
8.69 2.83114e-08 -5.66229e-08 
8.7 2.77508e-08 -5.55017e-08 
8.71 2.72013e-08 -5.44027e-08 
8.72 2.66627e-08 -5.33254e-08 
8.73 2.61348e-08 -5.22695e-08 
8.74 2.56172e-08 -5.12345e-08 
8.75 2.511e-08 -5.022e-08 
8.76 2.46128e-08 -4.92256e-08 
8.77 2.41254e-08 -4.82508e-08 
8.78 2.36477e-08 -4.72954e-08 
8.79 2.31794e-08 -4.63589e-08 
8.8 2.27205e-08 -4.54409e-08 
8.81 2.22706e-08 -4.45411e-08 
8.82 2.18296e-08 -4.36592e-08 
8.83 2.13973e-08 -4.27946e-08 
8.84 2.09736e-08 -4.19473e-08 
8.85 2.05583e-08 -4.11166e-08 
8.86 2.01512e-08 -4.03025e-08 
8.87 1.97522e-08 -3.95044e-08 
8.88 1.93611e-08 -3.87222e-08 
8.89 1.89777e-08 -3.79554e-08 
8.9 1.86019e-08 -3.72039e-08 
8.91 1.82336e-08 -3.64672e-08 
8.92 1.78725e-08 -3.57451e-08 
8.93 1.75186e-08 -3.50373e-08 
8.94 1.71718e-08 -3.43435e-08 
8.95 1.68317e-08 -3.36635e-08 
8.96 1.64984e-08 -3.29969e-08 
8.97 1.61717e-08 -3.23435e-08 
8.98 1.58515e-08 -3.17031e-08 
8.99 1.55376e-08 -3.10753e-08 
9 1.523e-08 -3.046e-08 
9.01 1.49284e-08 -2.98568e-08 
9.02 1.46328e-08 -2.92656e-08 
9.03 1.43431e-08 -2.86861e-08 
9.04 1.4059e-08 -2.81181e-08 
9.05 1.37807e-08 -2.75613e-08 
9.06 1.35078e-08 -2.70156e-08 
9.07 1.32403e-08 -2.64806e-08 
9.08 1.29781e-08 -2.59563e-08 
9.09 1.27211e-08 -2.54423e-08 
9.1 1.24693e-08 -2.49385e-08 
9.11 1.22223e-08 -2.44447e-08 
9.12 1.19803e-08 -2.39607e-08 
9.13 1.17431e-08 -2.34862e-08 
9.14 1.15106e-08 -2.30211e-08 
9.15 1.12826e-08 -2.25653e-08 
9.16 1.10592e-08 -2.21185e-08 
9.17 1.08402e-08 -2.16805e-08 
9.18 1.06256e-08 -2.12512e-08 
9.19 1.04152e-08 -2.08304e-08 
9.2 1.0209e-08 -2.04179e-08 
9.21 1.00068e-08 -2.00136e-08 
9.22 9.80866e-09 -1.96173e-08 
9.23 9.61444e-09 -1.92289e-08 
9.24 9.42406e-09 -1.88481e-08 
9.25 9.23745e-09 -1.84749e-08 
9.26 9.05454e-09 -1.81091e-08 
9.27 8.87524e-09 -1.77505e-08 
9.28 8.6995e-09 -1.7399e-08 
9.29 8.52724e-09 -1.70545e-08 
9.3 8.35839e-09 -1.67168e-08 
9.31 8.19288e-09 -1.63858e-08 
9.32 8.03065e-09 -1.60613e-08 
9.33 7.87164e-09 -1.57433e-08 
9.34 7.71577e-09 -1.54315e-08 
9.35 7.56298e-09 -1.5126e-08 
9.36 7.41323e-09 -1.48265e-08 
9.37 7.26644e-09 -1.45329e-08 
9.38 7.12255e-09 -1.42451e-08 
9.39 6.98151e-09 -1.3963e-08 
9.4 6.84327e-09 -1.36865e-08 
9.41 6.70777e-09 -1.34155e-08 
9.42 6.57494e-09 -1.31499e-08 
9.43 6.44475e-09 -1.28895e-08 
9.44 6.31714e-09 -1.26343e-08 
9.45 6.19205e-09 -1.23841e-08 
9.46 6.06944e-09 -1.21389e-08 
9.47 5.94925e-09 -1.18985e-08 
9.48 5.83145e-09 -1.16629e-08 
9.49 5.71598e-09 -1.1432e-08 
9.5 5.6028e-09 -1.12056e-08 
9.51 5.49185e-09 -1.09837e-08 
9.52 5.38311e-09 -1.07662e-08 
9.53 5.27652e-09 -1.0553e-08 
9.54 5.17203e-09 -1.03441e-08 
9.55 5.06962e-09 -1.01392e-08 
9.56 4.96923e-09 -9.93847e-09 
9.57 4.87084e-09 -9.74167e-09 
9.58 4.77439e-09 -9.54878e-09 
9.59 4.67985e-09 -9.3597e-09 
9.6 4.58718e-09 -9.17436e-09 
9.61 4.49635e-09 -8.9927e-09 
9.62 4.40732e-09 -8.81463e-09 
9.63 4.32005e-09 -8.64009e-09 
9.64 4.2345e-09 -8.46901e-09 
9.65 4.15065e-09 -8.30131e-09 
9.66 4.06847e-09 -8.13693e-09 
9.67 3.9879e-09 -7.97581e-09 
9.68 3.90894e-09 -7.81788e-09 
9.69 3.83154e-09 -7.66307e-09 
9.7 3.75567e-09 -7.51133e-09 
9.71 3.6813e-09 -7.3626e-09 
9.72 3.60841e-09 -7.21681e-09 
9.73 3.53695e-09 -7.07391e-09 
9.74 3.46692e-09 -6.93383e-09 
9.75 3.39827e-09 -6.79654e-09 
9.76 3.33098e-09 -6.66196e-09 
9.77 3.26502e-09 -6.53004e-09 
9.78 3.20037e-09 -6.40074e-09 
9.79 3.137e-09 -6.27399e-09 
9.8 3.07488e-09 -6.14976e-09 
9.81 3.01399e-09 -6.02799e-09 
9.82 2.95431e-09 -5.90862e-09 
9.83 2.89581e-09 -5.79163e-09 
9.84 2.83847e-09 -5.67694e-09 
9.85 2.78227e-09 -5.56453e-09 
9.86 2.72717e-09 -5.45435e-09 
9.87 2.67317e-09 -5.34634e-09 
9.88 2.62024e-09 -5.24048e-09 
9.89 2.56836e-09 -5.13671e-09 
9.9 2.5175e-09 -5.035e-09 
9.91 2.46765e-09 -4.9353e-09 
9.92 2.41879e-09 -4.83757e-09 
9.93 2.37089e-09 -4.74178e-09 
9.94 2.32394e-09 -4.64789e-09 
9.95 2.27793e-09 -4.55585e-09 
9.96 2.23282e-09 -4.46564e-09 
9.97 2.18861e-09 -4.37722e-09 
9.98 2.14527e-09 -4.29054e-09 
9.99 2.10279e-09 -4.20558e-09 
10 2.06115e-09 -4.12231e-09 
